createForAllBikes index:  652
createChordDataSets, bike:  96769
createChordDataSets, bike:  96769
createChordDataSets, dataMatrix for bike:  96769
[ [ 0, 44, 0, 666, 94, 8, 0, 971, 922 ],
  [ 48, 0, 0, 0, 0, 0, 0, 0, 0 ],
  [ 0, 0, 0, 0, 0, 0, 0, 0, 0 ],
  [ 674, 0, 0, 0, 0, 0, 0, 6, 10 ],
  [ 97, 0, 0, 0, 0, 0, 0, 0, 0 ],
  [ 8, 0, 0, 0, 0, 0, 0, 0, 0 ],
  [ 0, 0, 0, 0, 0, 0, 0, 0, 0 ],
  [ 982, 0, 0, 7, 0, 0, 0, 0, 54 ],
  [ 913, 0, 0, 13, 0, 0, 0, 62, 0 ] ]



  createChordDataSets, bike:  99990
createChordDataSets, bike:  99990
createChordDataSets, dataMatrix for bike:  99990
[ [ 0, 103, 1, 1223, 166, 19, 0, 1703, 1667 ],
  [ 109, 0, 0, 0, 0, 0, 0, 1, 0 ],
  [ 1, 0, 0, 0, 0, 0, 0, 0, 0 ],
  [ 1227, 1, 0, 0, 0, 0, 0, 11, 23 ],
  [ 172, 0, 0, 0, 0, 0, 0, 0, 0 ],
  [ 19, 0, 0, 0, 0, 0, 0, 0, 0 ],
  [ 0, 0, 0, 0, 0, 0, 0, 0, 0 ],
  [ 1700, 1, 0, 15, 0, 0, 0, 0, 108 ],
  [ 1680, 0, 0, 20, 0, 0, 0, 103, 0 ] ]
... work done.
[ [ 0, 103, 1, 1223, 166, 19, 0, 1703, 1667 ],
  [ 109, 0, 0, 0, 0, 0, 0, 1, 0 ],
  [ 1, 0, 0, 0, 0, 0, 0, 0, 0 ],
  [ 1227, 1, 0, 0, 0, 0, 0, 11, 23 ],
  [ 172, 0, 0, 0, 0, 0, 0, 0, 0 ],
  [ 19, 0, 0, 0, 0, 0, 0, 0, 0 ],
  [ 0, 0, 0, 0, 0, 0, 0, 0, 0 ],
  [ 1700, 1, 0, 15, 0, 0, 0, 0, 108 ],
  [ 1680, 0, 0, 20, 0, 0, 0, 103, 0 ] ]