[
	96028,
	96043,
	96100,
	96101,
	96103,
	96105,
	96106,
	96107,
	96108,
	96109,
	96110,
	96111,
	96112,
	96113,
	96114,
	96115,
	96116,
	96117,
	96118,
	96119,
	96120,
	96121,
	96122,
	96123,
	96124,
	96125,
	96126,
	96127,
	96128,
	96129,
	96130,
	96131,
	96132,
	96133,
	96134,
	96135,
	96137,
	96138,
	96139,
	96141,
	96142,
	96143,
	96144,
	96145,
	96146,
	96147,
	96149,
	96150,
	96151,
	96152,
	96153,
	96154,
	96155,
	96156,
	96157,
	96158,
	96159,
	96160,
	96161,
	96162,
	96163,
	96164,
	96165,
	96166,
	96167,
	96168,
	96169,
	96170,
	96171,
	96172,
	96173,
	96174,
	96175,
	96176,
	96177,
	96178,
	96179,
	96180,
	96181,
	96182,
	96183,
	96184,
	96185,
	96186,
	96188,
	96189,
	96190,
	96191,
	96192,
	96193,
	96194,
	96195,
	96196,
	96198,
	96199,
	96200,
	96201,
	96202,
	96203,
	96204,
	96205,
	96206,
	96207,
	96208,
	96209,
	96210,
	96211,
	96212,
	96213,
	96214,
	96215,
	96216,
	96217,
	96218,
	96219,
	96220,
	96221,
	96222,
	96223,
	96224,
	96225,
	96226,
	96227,
	96228,
	96229,
	96230,
	96231,
	96232,
	96233,
	96234,
	96235,
	96236,
	96237,
	96238,
	96239,
	96240,
	96241,
	96242,
	96243,
	96244,
	96245,
	96246,
	96247,
	96248,
	96249,
	96250,
	96251,
	96252,
	96253,
	96254,
	96255,
	96256,
	96257,
	96258,
	96260,
	96262,
	96263,
	96264,
	96265,
	96266,
	96267,
	96268,
	96269,
	96270,
	96271,
	96272,
	96273,
	96274,
	96275,
	96276,
	96277,
	96278,
	96279,
	96280,
	96281,
	96282,
	96283,
	96284,
	96285,
	96286,
	96287,
	96288,
	96289,
	96290,
	96291,
	96292,
	96293,
	96294,
	96295,
	96297,
	96298,
	96299,
	96300,
	96301,
	96302,
	96303,
	96304,
	96306,
	96307,
	96308,
	96309,
	96310,
	96311,
	96313,
	96314,
	96315,
	96316,
	96317,
	96318,
	96319,
	96320,
	96321,
	96322,
	96323,
	96324,
	96325,
	96326,
	96327,
	96328,
	96329,
	96330,
	96331,
	96332,
	96333,
	96334,
	96335,
	96336,
	96338,
	96339,
	96340,
	96341,
	96342,
	96343,
	96344,
	96345,
	96346,
	96347,
	96349,
	96350,
	96351,
	96352,
	96353,
	96354,
	96355,
	96356,
	96357,
	96358,
	96359,
	96360,
	96361,
	96362,
	96363,
	96364,
	96365,
	96366,
	96367,
	96368,
	96369,
	96370,
	96371,
	96372,
	96373,
	96374,
	96375,
	96376,
	96377,
	96378,
	96379,
	96380,
	96381,
	96382,
	96383,
	96384,
	96385,
	96386,
	96387,
	96388,
	96389,
	96390,
	96391,
	96392,
	96393,
	96394,
	96395,
	96396,
	96397,
	96398,
	96399,
	96400,
	96401,
	96402,
	96403,
	96404,
	96405,
	96406,
	96407,
	96408,
	96409,
	96410,
	96411,
	96412,
	96413,
	96414,
	96415,
	96416,
	96417,
	96418,
	96419,
	96420,
	96421,
	96422,
	96423,
	96424,
	96425,
	96426,
	96427,
	96428,
	96429,
	96430,
	96431,
	96432,
	96433,
	96434,
	96435,
	96436,
	96437,
	96438,
	96439,
	96440,
	96442,
	96443,
	96444,
	96445,
	96446,
	96447,
	96448,
	96449,
	96450,
	96451,
	96452,
	96454,
	96455,
	96456,
	96457,
	96458,
	96459,
	96460,
	96461,
	96462,
	96463,
	96464,
	96465,
	96466,
	96467,
	96468,
	96469,
	96470,
	96471,
	96472,
	96473,
	96474,
	96475,
	96476,
	96477,
	96478,
	96479,
	96480,
	96481,
	96482,
	96483,
	96484,
	96485,
	96486,
	96487,
	96488,
	96489,
	96490,
	96491,
	96492,
	96493,
	96494,
	96495,
	96496,
	96497,
	96498,
	96499,
	96500,
	96501,
	96502,
	96503,
	96504,
	96505,
	96506,
	96507,
	96508,
	96509,
	96510,
	96511,
	96512,
	96513,
	96514,
	96515,
	96516,
	96517,
	96518,
	96519,
	96520,
	96521,
	96522,
	96523,
	96524,
	96525,
	96526,
	96527,
	96528,
	96529,
	96530,
	96531,
	96532,
	96533,
	96534,
	96535,
	96536,
	96537,
	96538,
	96539,
	96540,
	96542,
	96543,
	96544,
	96545,
	96546,
	96547,
	96548,
	96549,
	96550,
	96551,
	96552,
	96553,
	96554,
	96555,
	96556,
	96557,
	96558,
	96559,
	96560,
	96561,
	96562,
	96563,
	96564,
	96565,
	96566,
	96567,
	96568,
	96569,
	96570,
	96571,
	96572,
	96573,
	96574,
	96575,
	96576,
	96577,
	96578,
	96579,
	96580,
	96581,
	96582,
	96583,
	96584,
	96585,
	96586,
	96587,
	96588,
	96589,
	96590,
	96591,
	96592,
	96593,
	96594,
	96595,
	96596,
	96597,
	96598,
	96599,
	96600,
	96601,
	96602,
	96603,
	96604,
	96605,
	96606,
	96607,
	96608,
	96609,
	96610,
	96611,
	96612,
	96613,
	96614,
	96615,
	96616,
	96618,
	96619,
	96620,
	96621,
	96622,
	96623,
	96624,
	96625,
	96626,
	96627,
	96628,
	96629,
	96630,
	96631,
	96632,
	96633,
	96634,
	96635,
	96636,
	96637,
	96638,
	96639,
	96640,
	96641,
	96642,
	96643,
	96644,
	96645,
	96646,
	96647,
	96648,
	96649,
	96650,
	96651,
	96652,
	96653,
	96654,
	96655,
	96656,
	96657,
	96658,
	96659,
	96660,
	96661,
	96662,
	96663,
	96664,
	96665,
	96666,
	96667,
	96668,
	96669,
	96670,
	96671,
	96672,
	96673,
	96674,
	96675,
	96676,
	96677,
	96678,
	96679,
	96680,
	96681,
	96682,
	96683,
	96684,
	96685,
	96686,
	96687,
	96688,
	96689,
	96690,
	96691,
	96692,
	96693,
	96694,
	96695,
	96696,
	96697,
	96698,
	96699,
	96700,
	96701,
	96702,
	96703,
	96704,
	96705,
	96706,
	96707,
	96708,
	96709,
	96710,
	96711,
	96712,
	96713,
	96714,
	96715,
	96716,
	96717,
	96718,
	96719,
	96720,
	96721,
	96722,
	96723,
	96724,
	96725,
	96726,
	96727,
	96728,
	96729,
	96730,
	96731,
	96732,
	96733,
	96734,
	96735,
	96736,
	96737,
	96738,
	96739,
	96741,
	96742,
	96743,
	96744,
	96745,
	96746,
	96747,
	96748,
	96749,
	96750,
	96751,
	96752,
	96753,
	96754,
	96756,
	96757,
	96758,
	96759,
	96760,
	96761,
	96762,
	96763,
	96764,
	96765,
	96766,
	96767,
	96768,
	96769,
	96770,
	96772,
	96773,
	96775,
	96777,
	96778,
	96779,
	96780,
	96781,
	96782,
	96783,
	96784,
	96785,
	96786,
	96787,
	96788,
	96789,
	96790,
	96791,
	96792,
	96793,
	96794,
	96795,
	96796,
	96797,
	96798,
	96799,
	96801,
	96802,
	96803,
	96804,
	96805,
	96806,
	96807,
	96808,
	96809,
	96810,
	96811,
	96812,
	96813,
	96814,
	96815,
	96816,
	96817,
	96818,
	96819,
	96820,
	96821,
	96822,
	96823,
	96824,
	96825,
	96826,
	96827,
	96828,
	96829,
	96830,
	96831,
	96832,
	96833,
	96834,
	96835,
	96836,
	96837,
	96838,
	96839,
	96840,
	96841,
	96842,
	96843,
	96844,
	96845,
	96846,
	96847,
	96848,
	96849,
	96850,
	96851,
	96852,
	96853,
	96854,
	96855,
	96856,
	96857,
	96858,
	96859,
	96860,
	96861,
	96862,
	96863,
	96864,
	96865,
	96866,
	96867,
	96868,
	96869,
	96870,
	96871,
	96872,
	96873,
	96874,
	96875,
	96876,
	96877,
	96878,
	96879,
	96880,
	96881,
	96882,
	96883,
	96884,
	96885,
	96886,
	96887,
	96888,
	96889,
	96890,
	96891,
	96892,
	96893,
	96894,
	96895,
	96896,
	96897,
	96898,
	96900,
	96901,
	96902,
	96904,
	96906,
	96907,
	96908,
	96909,
	96910,
	96911,
	96912,
	96913,
	96914,
	96915,
	96916,
	96917,
	96918,
	96919,
	96920,
	96921,
	96922,
	96923,
	96924,
	96925,
	96926,
	96927,
	96928,
	96929,
	96930,
	96931,
	96932,
	96933,
	96934,
	96935,
	96936,
	96937,
	96938,
	96940,
	96941,
	96942,
	96943,
	96944,
	96945,
	96946,
	96947,
	96948,
	96949,
	96950,
	96951,
	96952,
	96953,
	96954,
	96955,
	96956,
	96957,
	96958,
	96959,
	96960,
	96961,
	96962,
	96963,
	96964,
	96965,
	96966,
	96967,
	96968,
	96969,
	96970,
	96971,
	96972,
	96973,
	96974,
	96975,
	96976,
	96977,
	96978,
	96979,
	96980,
	96981,
	96982,
	96983,
	96984,
	96985,
	96986,
	96987,
	96988,
	96989,
	96990,
	96991,
	96992,
	96993,
	96994,
	96995,
	96996,
	96997,
	96998,
	96999,
	97000,
	97001,
	97002,
	97003,
	97004,
	97005,
	97006,
	97007,
	97008,
	97009,
	97010,
	97011,
	97012,
	97013,
	97014,
	97015,
	97016,
	97017,
	97018,
	97019,
	97020,
	97021,
	97022,
	97023,
	97024,
	97025,
	97026,
	97027,
	97028,
	97029,
	97030,
	97031,
	97032,
	97033,
	97034,
	97035,
	97036,
	97037,
	97038,
	97039,
	97040,
	97041,
	97042,
	97043,
	97044,
	97045,
	97046,
	97047,
	97048,
	97049,
	97050,
	97051,
	97052,
	97053,
	97054,
	97055,
	97056,
	97057,
	97058,
	97059,
	97060,
	97061,
	97062,
	97063,
	97064,
	97065,
	97066,
	97067,
	97068,
	97069,
	97070,
	97071,
	97072,
	97073,
	97074,
	97075,
	97076,
	97077,
	97078,
	97079,
	97080,
	97081,
	97082,
	97083,
	97084,
	97085,
	97086,
	97087,
	97088,
	97089,
	97090,
	97091,
	97092,
	97093,
	97094,
	97095,
	97096,
	97097,
	97098,
	97099,
	97100,
	97101,
	97102,
	97103,
	97104,
	97106,
	97107,
	97108,
	97109,
	97110,
	97111,
	97112,
	97113,
	97114,
	97115,
	97116,
	97117,
	97118,
	97119,
	97120,
	97121,
	97122,
	97123,
	97124,
	97125,
	97126,
	97127,
	97128,
	97129,
	97130,
	97131,
	97132,
	97133,
	97134,
	97135,
	97136,
	97137,
	97138,
	97139,
	97140,
	97141,
	97142,
	97143,
	97144,
	97145,
	97146,
	97147,
	97148,
	97150,
	97151,
	97152,
	97153,
	97154,
	97155,
	97156,
	97157,
	97158,
	97159,
	97160,
	97161,
	97162,
	97163,
	97164,
	97165,
	97166,
	97167,
	97168,
	97169,
	97170,
	97171,
	97172,
	97173,
	97174,
	97175,
	97176,
	97177,
	97178,
	97179,
	97180,
	97181,
	97182,
	97183,
	97184,
	97185,
	97186,
	97187,
	97188,
	97189,
	97190,
	97191,
	97192,
	97193,
	97194,
	97195,
	97196,
	97197,
	97198,
	97199,
	97200,
	97201,
	97202,
	97203,
	97204,
	97205,
	97206,
	97207,
	97208,
	97209,
	97210,
	97211,
	97212,
	97213,
	97214,
	97215,
	97216,
	97217,
	97218,
	97220,
	97221,
	97222,
	97223,
	97224,
	97225,
	97226,
	97227,
	97228,
	97229,
	97230,
	97231,
	97232,
	97233,
	97234,
	97235,
	97236,
	97237,
	97238,
	97239,
	97240,
	97241,
	97242,
	97243,
	97244,
	97245,
	97246,
	97247,
	97248,
	97249,
	97250,
	97251,
	97252,
	97253,
	97254,
	97255,
	97256,
	97257,
	97258,
	97259,
	97260,
	97261,
	97262,
	97263,
	97264,
	97265,
	97266,
	97267,
	97268,
	97269,
	97270,
	97271,
	97272,
	97273,
	97274,
	97275,
	97276,
	97277,
	97278,
	97279,
	97280,
	97281,
	97282,
	97283,
	97284,
	97285,
	97286,
	97287,
	97288,
	97289,
	97290,
	97291,
	97292,
	97293,
	97294,
	97295,
	97296,
	97297,
	97298,
	97299,
	97300,
	97301,
	97302,
	97303,
	97305,
	97308,
	97309,
	97310,
	97311,
	97312,
	97313,
	97314,
	97315,
	97316,
	97317,
	97318,
	97319,
	97320,
	97321,
	97322,
	97323,
	97324,
	97325,
	97326,
	97327,
	97328,
	97329,
	97330,
	97332,
	97333,
	97334,
	97335,
	97336,
	97337,
	97338,
	97339,
	97340,
	97341,
	97342,
	97343,
	97344,
	97345,
	97346,
	97347,
	99990
]